3.19308053538300100349e-03
-2.24252903047447629120e-03
-2.28429688004773510240e-03
-2.63870194041865811785e-03
-3.15378251700618823447e-03
-3.71130472213309584723e-03
-4.21984102262198349648e-03
-4.59172425733741888798e-03
-4.75170069013306026889e-03
-4.62787862596504388779e-03
-4.16717008578027826859e-03
-3.32636200749459156126e-03
-2.08886818771530403949e-03
-4.57850528692309755203e-04
1.52931285675565221960e-03
3.80931055980054510818e-03
6.28222481063435075899e-03
8.82436129209711664356e-03
1.12813655911429017858e-02
1.34850110111163126042e-02
1.52506954222112276615e-02
1.63980154646133080565e-02
1.67518724314921034491e-02
1.61656555214113005492e-02
1.45225312572807574441e-02
1.17580842976392936639e-02
7.85961204985598758943e-03
2.88549867591156826430e-03
-3.03980988149985800403e-03
-9.71189292923784613931e-03
-1.68607846555261509103e-02
-2.41438338450569479898e-02
-3.11697138369538828684e-02
-3.74988416034136920474e-02
-4.26719426851870087258e-02
-4.62168863643211205727e-02
-4.76878460017947022886e-02
-4.66832584994941388046e-02
-4.28363335165542827299e-02
-3.59164901879489434355e-02
-2.57427780152641241806e-02
-1.22769764504702116881e-02
4.38366945661012794022e-03
2.40187701765870106896e-02
4.62732056724147328142e-02
7.06707072505714239963e-02
9.66177488156393510232e-02
1.23433390387649985498e-01
1.50362692192125030344e-01
1.76616326761019903913e-01
2.01390951575024762521e-01
2.23910383510078553337e-01
2.43447901119256265856e-01
2.59365700976616819773e-01
2.71132565781646517333e-01
2.78356285866107666660e-01
2.80790876817222923023e-01
2.78356285866107666660e-01
2.71132565781646517333e-01
2.59365700976616819773e-01
2.43447901119256265856e-01
2.23910383510078553337e-01
2.01390951575024762521e-01
1.76616326761019903913e-01
1.50362692192125030344e-01
1.23433390387649985498e-01
9.66177488156393510232e-02
7.06707072505714239963e-02
4.62732056724147328142e-02
2.40187701765870106896e-02
4.38366945661012794022e-03
-1.22769764504702116881e-02
-2.57427780152641241806e-02
-3.59164901879489434355e-02
-4.28363335165542827299e-02
-4.66832584994941388046e-02
-4.76878460017947022886e-02
-4.62168863643211205727e-02
-4.26719426851870087258e-02
-3.74988416034136920474e-02
-3.11697138369538828684e-02
-2.41438338450569479898e-02
-1.68607846555261509103e-02
-9.71189292923784613931e-03
-3.03980988149985800403e-03
2.88549867591156826430e-03
7.85961204985598758943e-03
1.17580842976392936639e-02
1.45225312572807574441e-02
1.61656555214113005492e-02
1.67518724314921034491e-02
1.63980154646133080565e-02
1.52506954222112276615e-02
1.34850110111163126042e-02
1.12813655911429017858e-02
8.82436129209711664356e-03
6.28222481063435075899e-03
3.80931055980054510818e-03
1.52931285675565221960e-03
-4.57850528692309755203e-04
-2.08886818771530403949e-03
-3.32636200749459156126e-03
-4.16717008578027826859e-03
-4.62787862596504388779e-03
-4.75170069013306026889e-03
-4.59172425733741888798e-03
-4.21984102262198349648e-03
-3.71130472213309584723e-03
-3.15378251700618823447e-03
-2.63870194041865811785e-03
-2.28429688004773510240e-03
-2.24252903047447629120e-03
3.19308053538300100349e-03
