-2.51593498624678047620e-03
1.62984757944657039294e-03
4.78098386733256160847e-03
6.98344122031232476117e-03
5.01452272465205579899e-03
-2.37203110368639077596e-03
-1.23231878469542560639e-02
-1.81952052019748976297e-02
-1.31532629301698861940e-02
4.42630355554271721907e-03
2.72837058712026812868e-02
4.08306363392336377216e-02
3.07769300112345316200e-02
-6.49116876146722289465e-03
-5.69051535506600592029e-02
-9.08448284231814923162e-02
-7.54068623129632992219e-02
8.04262458034025497222e-03
1.50268402592082961355e-01
3.12939923204985426253e-01
4.42179856560489359385e-01
4.91378931767971316447e-01
4.42179856560489359385e-01
3.12939923204985426253e-01
1.50268402592082961355e-01
8.04262458034025497222e-03
-7.54068623129632992219e-02
-9.08448284231814923162e-02
-5.69051535506600592029e-02
-6.49116876146722289465e-03
3.07769300112345316200e-02
4.08306363392336377216e-02
2.72837058712026812868e-02
4.42630355554271721907e-03
-1.31532629301698861940e-02
-1.81952052019748976297e-02
-1.23231878469542560639e-02
-2.37203110368639077596e-03
5.01452272465205579899e-03
6.98344122031232476117e-03
4.78098386733256160847e-03
1.62984757944657039294e-03
-2.51593498624678047620e-03
