-1.40121853499304452155e-03
-3.75119854860414330897e-03
9.38021066209250575785e-04
-5.71952266043922815004e-04
5.78145395728404812904e-05
-1.30354912246797611944e-05
1.57170777049253109197e-04
2.27972046232365434856e-04
2.95102047858883463193e-04
3.11450995321903517741e-04
2.85513857480773061356e-04
2.15585518907241086364e-04
1.11982972286753183874e-04
-1.15007536290266479688e-05
-1.37120651620352011811e-04
-2.46464905003889540782e-04
-3.22935849221402072537e-04
-3.54226606454607743663e-04
-3.34337434979645653412e-04
-2.64712766343235840743e-04
-1.53984043776634791333e-04
-1.72276855580059764009e-05
1.26255102389571732206e-04
2.55578315182199361857e-04
3.51327910414846286864e-04
3.98376255518791870872e-04
3.88328680765093832341e-04
3.20930811265101570331e-04
2.04329749885219432446e-04
5.42298699767303229676e-05
-1.08329631821904744365e-04
-2.59720498802600962412e-04
-3.77294707262612540218e-04
-4.42619050224521697230e-04
-4.44534691113358066891e-04
-3.80842522507602611586e-04
-2.59091166980603419996e-04
-9.56550162876770767575e-05
8.64356125435082069640e-05
2.60744908684850491484e-04
4.01349658680927518558e-04
4.86679256930020018215e-04
5.02856196522364230078e-04
4.45872288007339212437e-04
3.22259199287223691965e-04
1.48236703322140647970e-04
-5.25156698654275462599e-05
-2.51693597500081574486e-04
-4.20035743882876926990e-04
-5.31144856968662694603e-04
-5.65958839524523444654e-04
-5.17291122951197310069e-04
-3.91799142204228827840e-04
-2.07395808485853625413e-04
1.16041087583661666263e-05
2.36602426456774931913e-04
4.34316462801419549567e-04
5.71547265415374297973e-04
6.26350820658191378108e-04
5.92553208864784520561e-04
4.72701425976226365100e-04
2.77840945236056699550e-04
3.60595778176620322588e-05
-2.14154962228076009394e-04
-4.39625598683863897179e-04
-6.09047315337092848124e-04
-6.90986571774438004985e-04
-6.72396669447862071860e-04
-5.57823312261311902646e-04
-3.56906081106842638061e-04
-9.70813119171122165677e-05
1.80025073074804072958e-04
4.39336445834152225943e-04
6.41559590090996670168e-04
7.51388776614824393206e-04
7.56382682268138466057e-04
6.50254009617162059310e-04
4.43969995674451203306e-04
1.70991734150194741454e-04
-1.35994919185455763076e-04
-4.30226971509238532120e-04
-6.66249708517928081013e-04
-8.13504437994727884649e-04
-8.41793524451988533011e-04
-7.48845813261747486438e-04
-5.44326842526292580676e-04
-2.52806493295317630775e-04
7.90388311445070575103e-05
4.10476440480760432477e-04
6.86549581634101615743e-04
8.69570473215048483397e-04
9.29766065814397932830e-04
8.53190906456011578102e-04
6.53082940829235298295e-04
3.48684558597144869056e-04
-9.57813994106650879031e-06
-3.78993566149005709290e-04
-6.97153961646681499982e-04
-9.23538930281939812739e-04
-1.01640566991515954309e-03
-9.64743012483349426066e-04
-7.68941590045095989779e-04
-4.57741979390174653225e-04
-7.14277179865377697147e-05
3.33496912240387633364e-04
6.99034668595126598700e-04
9.69434831313365939429e-04
1.10359363031451340915e-03
1.07909003235964360765e-03
8.96477627795076031925e-04
5.78338730281086001346e-04
1.68154194085925448501e-04
-2.75461053015585313839e-04
-6.87720817879695130864e-04
-1.00811236895856858563e-03
-1.18813667581251685215e-03
-1.19791746879462264463e-03
-1.03186560359662263600e-03
-7.11278576191951548459e-04
-2.80249969233921521726e-04
2.01142650223314908104e-04
6.63613263373210248396e-04
1.03810249398467472834e-03
1.26806213409774498277e-03
1.31772618391772368233e-03
1.17540192203507195406e-03
8.57480505194410051045e-04
4.07780456006846326374e-04
-1.10571098780634017970e-04
-6.24002605923316532727e-04
-1.05653805699135834237e-03
-1.34270445446589992838e-03
-1.43859150832178692148e-03
-1.32590863635430279352e-03
-1.01621682433867210026e-03
-5.51914900301064955887e-04
2.30880950736496965984e-06
5.67896730144699392849e-04
1.06131386034143864253e-03
1.40904421649340667357e-03
1.55820884236833562091e-03
1.48189417993765514686e-03
1.18702018050023043287e-03
7.13102488378779546425e-04
1.24824266159610135565e-04
-4.93353267881961924345e-04
-1.05096501036081556302e-03
-1.46629366208042306169e-03
-1.67489234278235706033e-03
-1.64237090490386514890e-03
-1.36953680234607627110e-03
-8.90439145916859897505e-04
-2.71729848171845867789e-04
3.98499463635278519408e-04
1.02395907332913254674e-03
1.51103207188017698431e-03
1.78659237958693245703e-03
1.80650044660401283211e-03
1.56201498662234569519e-03
1.08481343938558673530e-03
4.39293648854601121757e-04
-2.82925740143566450176e-04
-9.76875678708545623977e-04
-1.54174615205693028679e-03
-1.89152069866162101178e-03
-1.97143424626765144392e-03
-1.76456535167434920390e-03
-1.29496273323587260569e-03
-6.27937324849148301859e-04
1.43958627423759126344e-04
9.09201825893039827786e-04
1.55581219952420374969e-03
1.98726959498730666037e-03
2.13538975872670832093e-03
1.97485940059967911286e-03
1.52200551872724311984e-03
8.38250134014653668947e-04
1.91280926924855438915e-05
-8.18151896923690735014e-04
-1.55073878365806429487e-03
-2.07100152061929229999e-03
-2.29719261641650723121e-03
-2.19204448777498075995e-03
-1.76407247869412556369e-03
-1.07062788063240444877e-03
-2.07733081064902632079e-04
7.01667236640202227754e-04
1.52433942486009327624e-03
2.14002849091120056144e-03
2.45338341397141309133e-03
2.41441702043158207269e-03
2.02072562506965544907e-03
1.32548272672095837285e-03
4.22806772525658152839e-04
-5.57393725917514569999e-04
-1.47423692757521073056e-03
-2.19165344914261416356e-03
-2.60224713195933172322e-03
-2.63926842872835376932e-03
-2.29138208814652979961e-03
-1.60216279444976017476e-03
-6.66226365791786415138e-04
3.84060158088296175940e-04
1.39667319604337399411e-03
2.22344737214879564421e-03
2.74006540877361941602e-03
2.86521823951516301648e-03
2.57387163120596264287e-03
1.90110745476696711004e-03
9.38095599470719493373e-04
-1.78936900673093001336e-04
-1.28963544405237876510e-03
-2.23179882154221978507e-03
-2.86435966197885359327e-03
-3.08947938556388941936e-03
-2.86705457270721971244e-03
-2.22131912198868979383e-03
-1.23959037124646005538e-03
-5.94998581915343030990e-05
1.15044876644314212136e-03
2.21352162693277693811e-03
2.97179533079419081615e-03
3.30915344724266174969e-03
3.16860727650403791594e-03
2.56268029466511946743e-03
1.57150800903375778908e-03
3.32888468636236521669e-04
-9.75941170542357172395e-04
-2.16517441359549960705e-03
-3.05891625454946186960e-03
-3.52118680244091096163e-03
-3.47705805643022756307e-03
-2.92378325810181347033e-03
-1.93347264304509882174e-03
-6.43484003197047817885e-04
7.63480670761929047785e-04
2.08344725112949566079e-03
3.12198839243691154618e-03
3.72257395936415264384e-03
3.78948451377967079901e-03
3.30387657964320785933e-03
2.32676611437468384633e-03
9.92373413558840771626e-04
-5.10052350605567895135e-04
-1.96456761765554212620e-03
-3.15736145740409899357e-03
-3.90957540973081805330e-03
-4.10365130954851945605e-03
-3.70126890751191345297e-03
-2.75103884568717775919e-03
-1.38186588603064135043e-03
2.13138472848631402605e-04
1.80475085387232195462e-03
3.16087503955507194767e-03
4.07856023504434526961e-03
4.41638903560660246728e-03
4.11471295523083927664e-03
3.20624656303848416111e-03
1.81332261455672454423e-03
1.30767284124843773032e-04
-1.60016398242079959172e-03
-3.12810424972519108763e-03
-4.22557047331981617405e-03
-4.72473351794788342523e-03
-4.54230832908600334896e-03
-3.69254347205207620122e-03
-2.28830316136328492521e-03
-5.24689539104372529646e-04
1.34658459075066155863e-03
3.05449199041470716848e-03
4.34601006139131995631e-03
5.02511743005626398961e-03
4.98205752874301445454e-03
4.20979949167175904190e-03
2.80872665267517702958e-03
9.71927040395828643199e-04
-1.03948626012938965570e-03
-2.93504818792640316885e-03
-4.43514899539505531162e-03
-5.31400320400264927767e-03
-5.43191353602264382500e-03
-4.75763424972921924322e-03
-3.37609875561496177929e-03
-1.47599766462608653073e-03
6.73840557541295886307e-04
2.76426161877761341137e-03
4.48805007319231369367e-03
5.58731676502230868026e-03
5.88921117562901056536e-03
5.33613267027720824393e-03
3.99260155245126889534e-03
2.04105409415311763940e-03
-2.44596059428906593622e-04
-2.53612467243968580863e-03
-4.49907010390743211659e-03
-5.84014879758785066671e-03
-6.35213492168095177764e-03
-5.94469109204274082786e-03
-4.66058045403096223719e-03
-2.67134693783620388516e-03
-2.54549624120429401637e-04
2.24448900878830093567e-03
4.46177750383149312324e-03
6.06824972255918561326e-03
6.81739364731389317631e-03
6.58369908857212287473e-03
5.38282822728060415113e-03
3.37206282493397258362e-03
8.30218947151127139965e-04
-1.88141435846961757768e-03
-4.36962208407230476293e-03
-6.26613402431462455933e-03
-7.28258168643935131781e-03
-7.25338283972319728538e-03
-6.16259513403817453525e-03
-4.14945851700730238693e-03
-1.49029128322339388113e-03
1.43869455250008747467e-03
4.21442012778529447037e-03
6.42800459430352584544e-03
7.74467699938108551649e-03
7.95440450464607491654e-03
7.00449352540617308643e-03
5.01080115396099028124e-03
2.24432831687202934481e-03
-9.06185301636341987257e-04
-3.98737334389377088423e-03
-6.54718638656287110072e-03
-8.20100540967699104256e-03
-8.68829708753163058865e-03
-7.91399301180897157826e-03
-5.96552837645660319343e-03
-3.10373706471984370930e-03
2.71578386472434588159e-04
3.67759278155154519657e-03
6.61636511134227906644e-03
8.64847527686594778895e-03
9.45731585481470946042e-03
8.89867305820619958201e-03
7.02540387881598303588e-03
4.08324158342417056072e-03
4.79662794409312477975e-04
-3.27217831284010813794e-03
-6.62663470118942787151e-03
-9.08407020257994551882e-03
-1.02653007665629569800e-02
-9.96891995718939688542e-03
-8.20586935480648038688e-03
-5.20113235883115469782e-03
-1.36663056827528248821e-03
2.75508149673244504343e-03
6.56745988961204753970e-03
9.50496801711754081554e-03
1.11176872009118334061e-02
1.11385945688309093843e-02
9.52760427184400765510e-03
6.48190146534824516295e-03
2.41371435755840732518e-03
-2.10576280830010757403e-03
-6.42568520723116494431e-03
-9.90824359465226206511e-03
-1.20233146655438286055e-02
-1.24271492713255143209e-02
-1.10185303275804839102e-02
-7.95844002070652915826e-03
-3.65349673840597915717e-03
1.29710232267361163551e-03
6.18458297785709487648e-03
1.02910791296486094082e-02
1.29947193056979184295e-02
1.38622169369819470131e-02
1.27181288325893451091e-02
9.67604034610619785639e-03
5.13092444682898898844e-03
-2.92073028189234970304e-04
-5.82191758483173796290e-03
-1.06507720083943314276e-02
-1.40512168390821805264e-02
-1.54838403588489926382e-02
-1.46824660381159721040e-02
-1.16997996126686938656e-02
-6.90991795574005113201e-03
-9.61611873380114018199e-04
5.30646756505900440287e-03
1.09848993260039766440e-02
1.52219951399395030112e-02
1.73515206015685506669e-02
1.69948676667688799991e-02
1.41258114986005534758e-02
9.08474640875164482501e-03
2.54122460456113023752e-03
-4.59334593228943530163e-03
-1.12907635206089540514e-02
-1.65528416247061674338e-02
-1.95571491131797149665e-02
-1.97839677921311865583e-02
-1.71020252394585153821e-02
-1.18012570941326330048e-02
-4.56561777429641615922e-03
3.61253368478969567185e-03
1.15664101566405573551e-02
1.81177701372809106528e-02
2.22488565038111950345e-02
2.32569670434053625552e-02
2.08687214525411189603e-02
1.52971412919837186639e-02
7.23006056723791631913e-03
-2.25045474569785571711e-03
-1.18095861538949666036e-02
-2.00434977057678681556e-02
-2.56801249148758334306e-02
-2.77708311527940614194e-02
-2.58423787284990519320e-02
-1.99874517963458050995e-02
-1.08780803829673037436e-02
3.05072020511216893211e-04
1.20186686388977954920e-02
2.25629547577472951148e-02
3.03203220280589824664e-02
3.39937606176115084122e-02
3.28117468799196815299e-02
2.66684570985364494122e-02
1.61766237550544228485e-02
2.62006089118972489149e-03
-1.21918929816191221049e-02
-2.61525932381674978966e-02
-3.71431372056015424166e-02
-4.33345746678565763021e-02
-4.34698292631955501841e-02
-3.70816469356867739471e-02
-2.46146294282529876085e-02
-7.42810770760952195774e-03
1.23279777877987571644e-02
3.19555675310616502105e-02
4.85428191480998666441e-02
5.93538608923572172382e-02
6.22231333318363638574e-02
5.59051970242947435241e-02
4.03291481655882744217e-02
1.67221509969148751651e-02
-1.24260518649224414173e-02
-4.35580874547677673880e-02
-7.23935726904342408128e-02
-9.43846430565574434635e-02
-1.05236742523945728256e-01
-1.01433046283297800816e-01
-8.07001932515197528684e-02
-4.23598084883569786507e-02
1.24851024139204236363e-02
8.09520959111357796267e-02
1.58580317811457427446e-01
2.39712250069359894544e-01
3.18020496537415875427e-01
3.87121826443155681030e-01
4.41214428124477309190e-01
4.75667307960337792938e-01
4.87495108853534753202e-01
4.75667307960337792938e-01
4.41214428124477309190e-01
3.87121826443155681030e-01
3.18020496537415875427e-01
2.39712250069359894544e-01
1.58580317811457427446e-01
8.09520959111357796267e-02
1.24851024139204236363e-02
-4.23598084883569786507e-02
-8.07001932515197528684e-02
-1.01433046283297800816e-01
-1.05236742523945728256e-01
-9.43846430565574434635e-02
-7.23935726904342408128e-02
-4.35580874547677673880e-02
-1.24260518649224414173e-02
1.67221509969148751651e-02
4.03291481655882744217e-02
5.59051970242947435241e-02
6.22231333318363638574e-02
5.93538608923572172382e-02
4.85428191480998666441e-02
3.19555675310616502105e-02
1.23279777877987571644e-02
-7.42810770760952195774e-03
-2.46146294282529876085e-02
-3.70816469356867739471e-02
-4.34698292631955501841e-02
-4.33345746678565763021e-02
-3.71431372056015424166e-02
-2.61525932381674978966e-02
-1.21918929816191221049e-02
2.62006089118972489149e-03
1.61766237550544228485e-02
2.66684570985364494122e-02
3.28117468799196815299e-02
3.39937606176115084122e-02
3.03203220280589824664e-02
2.25629547577472951148e-02
1.20186686388977954920e-02
3.05072020511216893211e-04
-1.08780803829673037436e-02
-1.99874517963458050995e-02
-2.58423787284990519320e-02
-2.77708311527940614194e-02
-2.56801249148758334306e-02
-2.00434977057678681556e-02
-1.18095861538949666036e-02
-2.25045474569785571711e-03
7.23006056723791631913e-03
1.52971412919837186639e-02
2.08687214525411189603e-02
2.32569670434053625552e-02
2.22488565038111950345e-02
1.81177701372809106528e-02
1.15664101566405573551e-02
3.61253368478969567185e-03
-4.56561777429641615922e-03
-1.18012570941326330048e-02
-1.71020252394585153821e-02
-1.97839677921311865583e-02
-1.95571491131797149665e-02
-1.65528416247061674338e-02
-1.12907635206089540514e-02
-4.59334593228943530163e-03
2.54122460456113023752e-03
9.08474640875164482501e-03
1.41258114986005534758e-02
1.69948676667688799991e-02
1.73515206015685506669e-02
1.52219951399395030112e-02
1.09848993260039766440e-02
5.30646756505900440287e-03
-9.61611873380114018199e-04
-6.90991795574005113201e-03
-1.16997996126686938656e-02
-1.46824660381159721040e-02
-1.54838403588489926382e-02
-1.40512168390821805264e-02
-1.06507720083943314276e-02
-5.82191758483173796290e-03
-2.92073028189234970304e-04
5.13092444682898898844e-03
9.67604034610619785639e-03
1.27181288325893451091e-02
1.38622169369819470131e-02
1.29947193056979184295e-02
1.02910791296486094082e-02
6.18458297785709487648e-03
1.29710232267361163551e-03
-3.65349673840597915717e-03
-7.95844002070652915826e-03
-1.10185303275804839102e-02
-1.24271492713255143209e-02
-1.20233146655438286055e-02
-9.90824359465226206511e-03
-6.42568520723116494431e-03
-2.10576280830010757403e-03
2.41371435755840732518e-03
6.48190146534824516295e-03
9.52760427184400765510e-03
1.11385945688309093843e-02
1.11176872009118334061e-02
9.50496801711754081554e-03
6.56745988961204753970e-03
2.75508149673244504343e-03
-1.36663056827528248821e-03
-5.20113235883115469782e-03
-8.20586935480648038688e-03
-9.96891995718939688542e-03
-1.02653007665629569800e-02
-9.08407020257994551882e-03
-6.62663470118942787151e-03
-3.27217831284010813794e-03
4.79662794409312477975e-04
4.08324158342417056072e-03
7.02540387881598303588e-03
8.89867305820619958201e-03
9.45731585481470946042e-03
8.64847527686594778895e-03
6.61636511134227906644e-03
3.67759278155154519657e-03
2.71578386472434588159e-04
-3.10373706471984370930e-03
-5.96552837645660319343e-03
-7.91399301180897157826e-03
-8.68829708753163058865e-03
-8.20100540967699104256e-03
-6.54718638656287110072e-03
-3.98737334389377088423e-03
-9.06185301636341987257e-04
2.24432831687202934481e-03
5.01080115396099028124e-03
7.00449352540617308643e-03
7.95440450464607491654e-03
7.74467699938108551649e-03
6.42800459430352584544e-03
4.21442012778529447037e-03
1.43869455250008747467e-03
-1.49029128322339388113e-03
-4.14945851700730238693e-03
-6.16259513403817453525e-03
-7.25338283972319728538e-03
-7.28258168643935131781e-03
-6.26613402431462455933e-03
-4.36962208407230476293e-03
-1.88141435846961757768e-03
8.30218947151127139965e-04
3.37206282493397258362e-03
5.38282822728060415113e-03
6.58369908857212287473e-03
6.81739364731389317631e-03
6.06824972255918561326e-03
4.46177750383149312324e-03
2.24448900878830093567e-03
-2.54549624120429401637e-04
-2.67134693783620388516e-03
-4.66058045403096223719e-03
-5.94469109204274082786e-03
-6.35213492168095177764e-03
-5.84014879758785066671e-03
-4.49907010390743211659e-03
-2.53612467243968580863e-03
-2.44596059428906593622e-04
2.04105409415311763940e-03
3.99260155245126889534e-03
5.33613267027720824393e-03
5.88921117562901056536e-03
5.58731676502230868026e-03
4.48805007319231369367e-03
2.76426161877761341137e-03
6.73840557541295886307e-04
-1.47599766462608653073e-03
-3.37609875561496177929e-03
-4.75763424972921924322e-03
-5.43191353602264382500e-03
-5.31400320400264927767e-03
-4.43514899539505531162e-03
-2.93504818792640316885e-03
-1.03948626012938965570e-03
9.71927040395828643199e-04
2.80872665267517702958e-03
4.20979949167175904190e-03
4.98205752874301445454e-03
5.02511743005626398961e-03
4.34601006139131995631e-03
3.05449199041470716848e-03
1.34658459075066155863e-03
-5.24689539104372529646e-04
-2.28830316136328492521e-03
-3.69254347205207620122e-03
-4.54230832908600334896e-03
-4.72473351794788342523e-03
-4.22557047331981617405e-03
-3.12810424972519108763e-03
-1.60016398242079959172e-03
1.30767284124843773032e-04
1.81332261455672454423e-03
3.20624656303848416111e-03
4.11471295523083927664e-03
4.41638903560660246728e-03
4.07856023504434526961e-03
3.16087503955507194767e-03
1.80475085387232195462e-03
2.13138472848631402605e-04
-1.38186588603064135043e-03
-2.75103884568717775919e-03
-3.70126890751191345297e-03
-4.10365130954851945605e-03
-3.90957540973081805330e-03
-3.15736145740409899357e-03
-1.96456761765554212620e-03
-5.10052350605567895135e-04
9.92373413558840771626e-04
2.32676611437468384633e-03
3.30387657964320785933e-03
3.78948451377967079901e-03
3.72257395936415264384e-03
3.12198839243691154618e-03
2.08344725112949566079e-03
7.63480670761929047785e-04
-6.43484003197047817885e-04
-1.93347264304509882174e-03
-2.92378325810181347033e-03
-3.47705805643022756307e-03
-3.52118680244091096163e-03
-3.05891625454946186960e-03
-2.16517441359549960705e-03
-9.75941170542357172395e-04
3.32888468636236521669e-04
1.57150800903375778908e-03
2.56268029466511946743e-03
3.16860727650403791594e-03
3.30915344724266174969e-03
2.97179533079419081615e-03
2.21352162693277693811e-03
1.15044876644314212136e-03
-5.94998581915343030990e-05
-1.23959037124646005538e-03
-2.22131912198868979383e-03
-2.86705457270721971244e-03
-3.08947938556388941936e-03
-2.86435966197885359327e-03
-2.23179882154221978507e-03
-1.28963544405237876510e-03
-1.78936900673093001336e-04
9.38095599470719493373e-04
1.90110745476696711004e-03
2.57387163120596264287e-03
2.86521823951516301648e-03
2.74006540877361941602e-03
2.22344737214879564421e-03
1.39667319604337399411e-03
3.84060158088296175940e-04
-6.66226365791786415138e-04
-1.60216279444976017476e-03
-2.29138208814652979961e-03
-2.63926842872835376932e-03
-2.60224713195933172322e-03
-2.19165344914261416356e-03
-1.47423692757521073056e-03
-5.57393725917514569999e-04
4.22806772525658152839e-04
1.32548272672095837285e-03
2.02072562506965544907e-03
2.41441702043158207269e-03
2.45338341397141309133e-03
2.14002849091120056144e-03
1.52433942486009327624e-03
7.01667236640202227754e-04
-2.07733081064902632079e-04
-1.07062788063240444877e-03
-1.76407247869412556369e-03
-2.19204448777498075995e-03
-2.29719261641650723121e-03
-2.07100152061929229999e-03
-1.55073878365806429487e-03
-8.18151896923690735014e-04
1.91280926924855438915e-05
8.38250134014653668947e-04
1.52200551872724311984e-03
1.97485940059967911286e-03
2.13538975872670832093e-03
1.98726959498730666037e-03
1.55581219952420374969e-03
9.09201825893039827786e-04
1.43958627423759126344e-04
-6.27937324849148301859e-04
-1.29496273323587260569e-03
-1.76456535167434920390e-03
-1.97143424626765144392e-03
-1.89152069866162101178e-03
-1.54174615205693028679e-03
-9.76875678708545623977e-04
-2.82925740143566450176e-04
4.39293648854601121757e-04
1.08481343938558673530e-03
1.56201498662234569519e-03
1.80650044660401283211e-03
1.78659237958693245703e-03
1.51103207188017698431e-03
1.02395907332913254674e-03
3.98499463635278519408e-04
-2.71729848171845867789e-04
-8.90439145916859897505e-04
-1.36953680234607627110e-03
-1.64237090490386514890e-03
-1.67489234278235706033e-03
-1.46629366208042306169e-03
-1.05096501036081556302e-03
-4.93353267881961924345e-04
1.24824266159610135565e-04
7.13102488378779546425e-04
1.18702018050023043287e-03
1.48189417993765514686e-03
1.55820884236833562091e-03
1.40904421649340667357e-03
1.06131386034143864253e-03
5.67896730144699392849e-04
2.30880950736496965984e-06
-5.51914900301064955887e-04
-1.01621682433867210026e-03
-1.32590863635430279352e-03
-1.43859150832178692148e-03
-1.34270445446589992838e-03
-1.05653805699135834237e-03
-6.24002605923316532727e-04
-1.10571098780634017970e-04
4.07780456006846326374e-04
8.57480505194410051045e-04
1.17540192203507195406e-03
1.31772618391772368233e-03
1.26806213409774498277e-03
1.03810249398467472834e-03
6.63613263373210248396e-04
2.01142650223314908104e-04
-2.80249969233921521726e-04
-7.11278576191951548459e-04
-1.03186560359662263600e-03
-1.19791746879462264463e-03
-1.18813667581251685215e-03
-1.00811236895856858563e-03
-6.87720817879695130864e-04
-2.75461053015585313839e-04
1.68154194085925448501e-04
5.78338730281086001346e-04
8.96477627795076031925e-04
1.07909003235964360765e-03
1.10359363031451340915e-03
9.69434831313365939429e-04
6.99034668595126598700e-04
3.33496912240387633364e-04
-7.14277179865377697147e-05
-4.57741979390174653225e-04
-7.68941590045095989779e-04
-9.64743012483349426066e-04
-1.01640566991515954309e-03
-9.23538930281939812739e-04
-6.97153961646681499982e-04
-3.78993566149005709290e-04
-9.57813994106650879031e-06
3.48684558597144869056e-04
6.53082940829235298295e-04
8.53190906456011578102e-04
9.29766065814397932830e-04
8.69570473215048483397e-04
6.86549581634101615743e-04
4.10476440480760432477e-04
7.90388311445070575103e-05
-2.52806493295317630775e-04
-5.44326842526292580676e-04
-7.48845813261747486438e-04
-8.41793524451988533011e-04
-8.13504437994727884649e-04
-6.66249708517928081013e-04
-4.30226971509238532120e-04
-1.35994919185455763076e-04
1.70991734150194741454e-04
4.43969995674451203306e-04
6.50254009617162059310e-04
7.56382682268138466057e-04
7.51388776614824393206e-04
6.41559590090996670168e-04
4.39336445834152225943e-04
1.80025073074804072958e-04
-9.70813119171122165677e-05
-3.56906081106842638061e-04
-5.57823312261311902646e-04
-6.72396669447862071860e-04
-6.90986571774438004985e-04
-6.09047315337092848124e-04
-4.39625598683863897179e-04
-2.14154962228076009394e-04
3.60595778176620322588e-05
2.77840945236056699550e-04
4.72701425976226365100e-04
5.92553208864784520561e-04
6.26350820658191378108e-04
5.71547265415374297973e-04
4.34316462801419549567e-04
2.36602426456774931913e-04
1.16041087583661666263e-05
-2.07395808485853625413e-04
-3.91799142204228827840e-04
-5.17291122951197310069e-04
-5.65958839524523444654e-04
-5.31144856968662694603e-04
-4.20035743882876926990e-04
-2.51693597500081574486e-04
-5.25156698654275462599e-05
1.48236703322140647970e-04
3.22259199287223691965e-04
4.45872288007339212437e-04
5.02856196522364230078e-04
4.86679256930020018215e-04
4.01349658680927518558e-04
2.60744908684850491484e-04
8.64356125435082069640e-05
-9.56550162876770767575e-05
-2.59091166980603419996e-04
-3.80842522507602611586e-04
-4.44534691113358066891e-04
-4.42619050224521697230e-04
-3.77294707262612540218e-04
-2.59720498802600962412e-04
-1.08329631821904744365e-04
5.42298699767303229676e-05
2.04329749885219432446e-04
3.20930811265101570331e-04
3.88328680765093832341e-04
3.98376255518791870872e-04
3.51327910414846286864e-04
2.55578315182199361857e-04
1.26255102389571732206e-04
-1.72276855580059764009e-05
-1.53984043776634791333e-04
-2.64712766343235840743e-04
-3.34337434979645653412e-04
-3.54226606454607743663e-04
-3.22935849221402072537e-04
-2.46464905003889540782e-04
-1.37120651620352011811e-04
-1.15007536290266479688e-05
1.11982972286753183874e-04
2.15585518907241086364e-04
2.85513857480773061356e-04
3.11450995321903517741e-04
2.95102047858883463193e-04
2.27972046232365434856e-04
1.57170777049253109197e-04
-1.30354912246797611944e-05
5.78145395728404812904e-05
-5.71952266043922815004e-04
9.38021066209250575785e-04
-3.75119854860414330897e-03
-1.40121853499304452155e-03
