1.32827556339152209192e-03
-4.40100208203835375348e-03
-1.75490435813195188447e-03
-1.06239824452756463462e-03
-8.62858229021509098335e-04
-7.63693848283007823557e-04
-6.60383728394092826657e-04
-5.26013713582526164399e-04
-3.57231732750835115180e-04
-1.57682342177545791297e-04
6.48255881763117768795e-05
3.00695594386110392430e-04
5.38503241791722349688e-04
7.66137975958111811826e-04
9.70959455690352502520e-04
1.14079478773450380784e-03
1.26411048399981519944e-03
1.33166949453775509959e-03
1.33575760325144654236e-03
1.27209070706657588826e-03
1.13935223758337392415e-03
9.39924081526779435850e-04
6.79554933314875653227e-04
3.67804587851303663518e-04
1.72469766562468535876e-05
-3.56380117818639826667e-04
-7.35519185669308286565e-04
-1.10101161973547500769e-03
-1.43353843446844195220e-03
-1.71398899904565919089e-03
-1.92491985234191122223e-03
-2.05145475920400508288e-03
-2.08215272484870957473e-03
-2.00990820631496286408e-03
-1.83237049368825894238e-03
-1.55232348357441335245e-03
-1.17816015997814914525e-03
-7.23526807521801106765e-04
-2.06689295055362032326e-04
3.49364538123860045131e-04
9.19295761017048518315e-04
1.47453619748324441657e-03
1.98663602174346982931e-03
2.42692900823676714975e-03
2.76992774223999097677e-03
2.99229294746199700819e-03
3.07751909870903998800e-03
3.01198671542281855990e-03
2.79495314507097062165e-03
2.42240076073163774009e-03
1.91694244462501522941e-03
1.28011487302860183304e-03
5.56346336771525043843e-04
-2.35876030105365347075e-04
-1.06000883557258386743e-03
-1.86452061903888215676e-03
-2.62017118352736748041e-03
-3.28568862117753750923e-03
-3.81806473750637186473e-03
-4.18342842960142072967e-03
-4.36190126341143638578e-03
-4.33412752446840632281e-03
-4.08891427508374302735e-03
-3.62545675524977026663e-03
-2.95945873213974150820e-03
-2.11559844971072590764e-03
-1.12906919841994184128e-03
-4.02383127054393386550e-05
1.10117264794138032535e-03
2.24187825808822320181e-03
3.32400145745915609821e-03
4.29137406311201098641e-03
5.08956093116342492971e-03
5.67217070023692641889e-03
5.99971236430127483757e-03
6.04526481807999942208e-03
5.79317985472323389307e-03
5.24346358930968033801e-03
4.40930026904750530653e-03
3.32020547730552464949e-03
2.01834916077117589722e-03
5.59575147654437594566e-04
-9.91202225004366973063e-04
-2.56047820002248136331e-03
-4.07211303241458103669e-03
-5.44783314820968325720e-03
-6.61423158443196282374e-03
-7.50395075802953552546e-03
-8.06138852751333255531e-03
-8.24452960742233335878e-03
-8.02849567234107178160e-03
-7.40646075446818596966e-03
-6.39242805286228260586e-03
-5.01934893262374458994e-03
-3.34045011586986363358e-03
-1.42548682086419053680e-03
6.41077275317581763217e-04
2.76288342997782704683e-03
4.83875103856181137257e-03
6.76198493429943769256e-03
8.43421463316693792445e-03
9.75948233734254266825e-03
1.06596249793456908372e-02
1.10726923647824250507e-02
1.09549381457781543070e-02
1.02946550533326609822e-02
9.09759073439968604657e-03
7.40174179342783459395e-03
5.27060641639182786422e-03
2.79050238539480747330e-03
6.74344706111123680034e-05
-2.77194765402104942309e-03
-5.59403135062573175079e-03
-8.25930749803145333732e-03
-1.06304239309841022654e-02
-1.25763484107759143660e-02
-1.39851448401770075275e-02
-1.47645880502805786766e-02
-1.48502434793236805233e-02
-1.42068417399614146251e-02
-1.28360646773128458942e-02
-1.07742607097453153842e-02
-8.09418019460028670409e-03
-4.89925899572978343355e-03
-1.32499577365077954305e-03
2.46983131210740201184e-03
6.30717706782551665312e-03
1.00012302928612073494e-02
1.33637245530427613283e-02
1.62163442801071637500e-02
1.83959980905133678453e-02
1.97663406292542635778e-02
2.02230862039968969923e-02
1.97037217185195949465e-02
1.81886031755247729036e-02
1.57078336609856941686e-02
1.23380476683365922219e-02
8.20375827193877901755e-03
3.47147595058916631772e-03
-1.65479384388412869775e-03
-6.94350095431288481113e-03
-1.21425545989167511102e-02
-1.69943931097521448714e-02
-2.12437374032621272002e-02
-2.46542809794937818613e-02
-2.70171982941937935396e-02
-2.81646523434036094580e-02
-2.79788454077075920967e-02
-2.63998560982438117140e-02
-2.34327444304116144780e-02
-1.91486185043699304320e-02
-1.36857009609384037974e-02
-7.24692078470000507207e-03
-9.00787887414770797358e-05
7.47409996144979618671e-03
1.51033857361524883473e-02
2.24290038906092004112e-02
2.90781544794778482044e-02
3.46875062058963831713e-02
3.89214102501336256523e-02
4.14877007864863575626e-02
4.21575623634003124329e-02
4.07732418476982119704e-02
3.72647553156099653471e-02
3.16552707443890357641e-02
2.40682032184990277179e-02
1.47239061823731705314e-02
3.94123898387062181203e-03
-7.87426760150672193361e-03
-2.02392726317944249281e-02
-3.26108478209732113862e-02
-4.44012765523537911161e-02
-5.50031874382294894144e-02
-6.38090014600106447684e-02
-7.02384108537088547308e-02
-7.37578416968702604839e-02
-7.39070759501361113086e-02
-7.03176917256147782087e-02
-6.27340139360355875109e-02
-5.10231561652326887080e-02
-3.51897219463177535204e-02
-1.53785184491517235017e-02
8.12258411019256380825e-03
3.48913085696418365234e-02
6.43764671029145446601e-02
9.59175480613405906372e-02
1.28759984175309372123e-01
1.62080954950035438511e-01
1.95014284760316763956e-01
2.26680621802740317472e-01
2.56212989138252578147e-01
2.82791025463874468038e-01
3.05662477177498170811e-01
3.24175538043165512025e-01
3.37796219464147562395e-01
3.46130456014062060088e-01
3.48935774874506554610e-01
3.46130456014062060088e-01
3.37796219464147562395e-01
3.24175538043165512025e-01
3.05662477177498170811e-01
2.82791025463874468038e-01
2.56212989138252578147e-01
2.26680621802740317472e-01
1.95014284760316763956e-01
1.62080954950035438511e-01
1.28759984175309372123e-01
9.59175480613405906372e-02
6.43764671029145446601e-02
3.48913085696418365234e-02
8.12258411019256380825e-03
-1.53785184491517235017e-02
-3.51897219463177535204e-02
-5.10231561652326887080e-02
-6.27340139360355875109e-02
-7.03176917256147782087e-02
-7.39070759501361113086e-02
-7.37578416968702604839e-02
-7.02384108537088547308e-02
-6.38090014600106447684e-02
-5.50031874382294894144e-02
-4.44012765523537911161e-02
-3.26108478209732113862e-02
-2.02392726317944249281e-02
-7.87426760150672193361e-03
3.94123898387062181203e-03
1.47239061823731705314e-02
2.40682032184990277179e-02
3.16552707443890357641e-02
3.72647553156099653471e-02
4.07732418476982119704e-02
4.21575623634003124329e-02
4.14877007864863575626e-02
3.89214102501336256523e-02
3.46875062058963831713e-02
2.90781544794778482044e-02
2.24290038906092004112e-02
1.51033857361524883473e-02
7.47409996144979618671e-03
-9.00787887414770797358e-05
-7.24692078470000507207e-03
-1.36857009609384037974e-02
-1.91486185043699304320e-02
-2.34327444304116144780e-02
-2.63998560982438117140e-02
-2.79788454077075920967e-02
-2.81646523434036094580e-02
-2.70171982941937935396e-02
-2.46542809794937818613e-02
-2.12437374032621272002e-02
-1.69943931097521448714e-02
-1.21425545989167511102e-02
-6.94350095431288481113e-03
-1.65479384388412869775e-03
3.47147595058916631772e-03
8.20375827193877901755e-03
1.23380476683365922219e-02
1.57078336609856941686e-02
1.81886031755247729036e-02
1.97037217185195949465e-02
2.02230862039968969923e-02
1.97663406292542635778e-02
1.83959980905133678453e-02
1.62163442801071637500e-02
1.33637245530427613283e-02
1.00012302928612073494e-02
6.30717706782551665312e-03
2.46983131210740201184e-03
-1.32499577365077954305e-03
-4.89925899572978343355e-03
-8.09418019460028670409e-03
-1.07742607097453153842e-02
-1.28360646773128458942e-02
-1.42068417399614146251e-02
-1.48502434793236805233e-02
-1.47645880502805786766e-02
-1.39851448401770075275e-02
-1.25763484107759143660e-02
-1.06304239309841022654e-02
-8.25930749803145333732e-03
-5.59403135062573175079e-03
-2.77194765402104942309e-03
6.74344706111123680034e-05
2.79050238539480747330e-03
5.27060641639182786422e-03
7.40174179342783459395e-03
9.09759073439968604657e-03
1.02946550533326609822e-02
1.09549381457781543070e-02
1.10726923647824250507e-02
1.06596249793456908372e-02
9.75948233734254266825e-03
8.43421463316693792445e-03
6.76198493429943769256e-03
4.83875103856181137257e-03
2.76288342997782704683e-03
6.41077275317581763217e-04
-1.42548682086419053680e-03
-3.34045011586986363358e-03
-5.01934893262374458994e-03
-6.39242805286228260586e-03
-7.40646075446818596966e-03
-8.02849567234107178160e-03
-8.24452960742233335878e-03
-8.06138852751333255531e-03
-7.50395075802953552546e-03
-6.61423158443196282374e-03
-5.44783314820968325720e-03
-4.07211303241458103669e-03
-2.56047820002248136331e-03
-9.91202225004366973063e-04
5.59575147654437594566e-04
2.01834916077117589722e-03
3.32020547730552464949e-03
4.40930026904750530653e-03
5.24346358930968033801e-03
5.79317985472323389307e-03
6.04526481807999942208e-03
5.99971236430127483757e-03
5.67217070023692641889e-03
5.08956093116342492971e-03
4.29137406311201098641e-03
3.32400145745915609821e-03
2.24187825808822320181e-03
1.10117264794138032535e-03
-4.02383127054393386550e-05
-1.12906919841994184128e-03
-2.11559844971072590764e-03
-2.95945873213974150820e-03
-3.62545675524977026663e-03
-4.08891427508374302735e-03
-4.33412752446840632281e-03
-4.36190126341143638578e-03
-4.18342842960142072967e-03
-3.81806473750637186473e-03
-3.28568862117753750923e-03
-2.62017118352736748041e-03
-1.86452061903888215676e-03
-1.06000883557258386743e-03
-2.35876030105365347075e-04
5.56346336771525043843e-04
1.28011487302860183304e-03
1.91694244462501522941e-03
2.42240076073163774009e-03
2.79495314507097062165e-03
3.01198671542281855990e-03
3.07751909870903998800e-03
2.99229294746199700819e-03
2.76992774223999097677e-03
2.42692900823676714975e-03
1.98663602174346982931e-03
1.47453619748324441657e-03
9.19295761017048518315e-04
3.49364538123860045131e-04
-2.06689295055362032326e-04
-7.23526807521801106765e-04
-1.17816015997814914525e-03
-1.55232348357441335245e-03
-1.83237049368825894238e-03
-2.00990820631496286408e-03
-2.08215272484870957473e-03
-2.05145475920400508288e-03
-1.92491985234191122223e-03
-1.71398899904565919089e-03
-1.43353843446844195220e-03
-1.10101161973547500769e-03
-7.35519185669308286565e-04
-3.56380117818639826667e-04
1.72469766562468535876e-05
3.67804587851303663518e-04
6.79554933314875653227e-04
9.39924081526779435850e-04
1.13935223758337392415e-03
1.27209070706657588826e-03
1.33575760325144654236e-03
1.33166949453775509959e-03
1.26411048399981519944e-03
1.14079478773450380784e-03
9.70959455690352502520e-04
7.66137975958111811826e-04
5.38503241791722349688e-04
3.00695594386110392430e-04
6.48255881763117768795e-05
-1.57682342177545791297e-04
-3.57231732750835115180e-04
-5.26013713582526164399e-04
-6.60383728394092826657e-04
-7.63693848283007823557e-04
-8.62858229021509098335e-04
-1.06239824452756463462e-03
-1.75490435813195188447e-03
-4.40100208203835375348e-03
1.32827556339152209192e-03
