-0.0000152632501094288877338533971794731769
0.0000168162641843115454206008391180304784
0.0000350345787807122781135939215690910942
0.0000335996171277242361603854181595352202
-0.0000041255481563146527499829491203442444
-0.0000590762371766241468711532147661813497
-0.0000802072407558634465534266877462243883
-0.0000265783452396787016824234589629227798
0.0000815941118712300175828261439292532486
0.0001559900499615674918443830598846489011
0.0001043246995251984944076684147518108148
-0.0000739282626163170536112700936826058751
-0.0002496144352817242380825069059113729963
-0.0002460197932866483292758952305945285843
-0.0000005229631818463520027940281964529134
0.0003315272966033185920997627960105091915
0.0004561075992120900779794312462911420880
0.0001845228005189725412147488947667284265
-0.0003479093454974110412314391993504614220
-0.0007126362290877753325260557382136994420
-0.0005135243320340271292248623957732434064
0.0002234747269849179929224192164838314056
0.0009556298447457157009890527099571500003
0.0009965408842337467390515293175212718779
0.0001260189695789802936075341133204119615
-0.0010816689970358458507126986347657293663
-0.0015942729644229352691658929686013834726
-0.0007706991813635048500091828671543225937
0.0009498721115037095201472094885275510023
0.0022007799293223832999555344969166981173
0.0017348278811503978560915051332358416403
-0.0004032435791831551186691073862533585270
-0.0026353147803577863482471510536697678617
-0.0029620371842057425029737238730831450084
-0.0006943681259005363105504815557367237489
0.0026521342085180947198419509902578283800
0.0042860255093013499561038770480081439018
0.0024089104660425129586509562784613081021
-0.0019722411920155952756716910556633592932
-0.0054170777712495895434008374991208256688
-0.0046827603619505773699382977781624504132
0.0003375856128262689527519402332700337865
0.0059529040663312653147709596623826655559
0.0072888950755264367634134181628269288922
0.0024179043994409527701394679866098158527
-0.0054192513639268070219090489558766421396
-0.0098049355277760423532651401501425425522
-0.0062911776189657330621285424854249868076
0.0033392236554950676177822010970430710586
0.0116171642594526166453183790849834622350
0.0110411094677972890926165305813810846303
0.0006772066416817918701673284509467976022
-0.0119579395255391216640328266862525197212
-0.0161410704287377054777508078586834017187
-0.0068383092185745507005090182417461619480
0.0099698758966168948836283902892319019884
0.0207605575115202799219016327469944371842
0.0150898782431019336941480091240919136908
-0.0047759021544175675466625818899046862498
-0.0237688338577928884309820034559379564598
-0.0250682151273729642015908325447526294738
-0.0044878413168573270605743452676961169345
0.0237239048372914623774576625692134257406
0.0361018864913671619354396113976690685377
0.0187644429002198354083930098568089306355
-0.0187388845573095499941196351301186950877
-0.0472692511767054748816896392327180365101
-0.0395261284350046163127423426431050756946
0.0058817350213905428973903966038960788865
0.0575070001340077380236337489805009681731
0.0704346462722005989265383618658233899623
0.0213438662351910814207744948589606792666
-0.0657544328952544415711756187192804645747
-0.1250713801470503538926237752093584276736
-0.0874465361980391597818140780873363837600
0.0711089921834273663847625357448123395443
0.3038089186025167975913063855841755867004
0.5109694017861660109147692310216370970011
0.5937017286469425947359468409558758139610
0.5109694017861660109147692310216370970011
0.3038089186025167975913063855841755867004
0.0711089921834273663847625357448123395443
-0.0874465361980391597818140780873363837600
-0.1250713801470503538926237752093584276736
-0.0657544328952544415711756187192804645747
0.0213438662351910814207744948589606792666
0.0704346462722005989265383618658233899623
0.0575070001340077380236337489805009681731
0.0058817350213905428973903966038960788865
-0.0395261284350046163127423426431050756946
-0.0472692511767054748816896392327180365101
-0.0187388845573095499941196351301186950877
0.0187644429002198354083930098568089306355
0.0361018864913671619354396113976690685377
0.0237239048372914623774576625692134257406
-0.0044878413168573270605743452676961169345
-0.0250682151273729642015908325447526294738
-0.0237688338577928884309820034559379564598
-0.0047759021544175675466625818899046862498
0.0150898782431019336941480091240919136908
0.0207605575115202799219016327469944371842
0.0099698758966168948836283902892319019884
-0.0068383092185745507005090182417461619480
-0.0161410704287377054777508078586834017187
-0.0119579395255391216640328266862525197212
0.0006772066416817918701673284509467976022
0.0110411094677972890926165305813810846303
0.0116171642594526166453183790849834622350
0.0033392236554950676177822010970430710586
-0.0062911776189657330621285424854249868076
-0.0098049355277760423532651401501425425522
-0.0054192513639268070219090489558766421396
0.0024179043994409527701394679866098158527
0.0072888950755264367634134181628269288922
0.0059529040663312653147709596623826655559
0.0003375856128262689527519402332700337865
-0.0046827603619505773699382977781624504132
-0.0054170777712495895434008374991208256688
-0.0019722411920155952756716910556633592932
0.0024089104660425129586509562784613081021
0.0042860255093013499561038770480081439018
0.0026521342085180947198419509902578283800
-0.0006943681259005363105504815557367237489
-0.0029620371842057425029737238730831450084
-0.0026353147803577863482471510536697678617
-0.0004032435791831551186691073862533585270
0.0017348278811503978560915051332358416403
0.0022007799293223832999555344969166981173
0.0009498721115037095201472094885275510023
-0.0007706991813635048500091828671543225937
-0.0015942729644229352691658929686013834726
-0.0010816689970358458507126986347657293663
0.0001260189695789802936075341133204119615
0.0009965408842337467390515293175212718779
0.0009556298447457157009890527099571500003
0.0002234747269849179929224192164838314056
-0.0005135243320340271292248623957732434064
-0.0007126362290877753325260557382136994420
-0.0003479093454974110412314391993504614220
0.0001845228005189725412147488947667284265
0.0004561075992120900779794312462911420880
0.0003315272966033185920997627960105091915
-0.0000005229631818463520027940281964529134
-0.0002460197932866483292758952305945285843
-0.0002496144352817242380825069059113729963
-0.0000739282626163170536112700936826058751
0.0001043246995251984944076684147518108148
0.0001559900499615674918443830598846489011
0.0000815941118712300175828261439292532486
-0.0000265783452396787016824234589629227798
-0.0000802072407558634465534266877462243883
-0.0000590762371766241468711532147661813497
-0.0000041255481563146527499829491203442444
0.0000335996171277242361603854181595352202
0.0000350345787807122781135939215690910942
0.0000168162641843115454206008391180304784
-0.0000152632501094288877338533971794731769
