-0.0000266178200675330788906036705299129608
0.0000256474061121930079019254344885325736
0.0000433875198404835558962412689343324246
0.0000700874502115684058388064836542241665
0.0000997956349661072974945724700646110250
0.0001254374552318322907831088519614581855
0.0001386710930448390192634700035512196337
0.0001307119649091205838657703264260590004
0.0000938151570463806425310970826814127577
0.0000231480587286411579100910834716486875
-0.0000812721365519030217953316830303833740
-0.0002129836445199213780434671638985832942
-0.0003582172878741865409794875585447471167
-0.0004961598933921141166281110201907722512
-0.0006005775216853781982295767960522425710
-0.0006429219494859039285908353100751355669
-0.0005966538261248071749881516367963740777
-0.0004424152555663721946878352841991954847
-0.0001732738801177159768552443752653857700
0.0002008045045847700550614017833694902038
0.0006502152266647201906552000494343701575
0.0011255710497352856749170291195127902029
0.0015607782212358582707434351277697714977
0.0018795735650113448364506574250754056266
0.0020051552450775968899909784681767632719
0.0018721233446504961361184227186527095910
0.0014391372717913895797753331962098855001
0.0007005767425323550018009810536057102581
-0.0003049066080832048535736999994583129592
-0.0014908574364304711355744270662171402364
-0.0027260538567543731586217958806628303137
-0.0038449162456072639992843420486678951420
-0.0046651229374815314857039005858041491592
-0.0050110706986409379176672374001100251917
-0.0047406700521196503891885321024801669409
-0.0037721316745847627976973015506700903643
-0.0021067710782202730447620897535898620845
0.0001557078856055246426654675717671238999
0.0028145778687780529346562641279660965665
0.0055780575818434145751734121176923508756
0.0080889320534262808271019906669607735239
0.0099632060290328530033354681449964118656
0.0108389176953670694769638060961369774304
0.0104297262781246121571276930239946523216
0.0085764760266058247262233038554768427275
0.0052892381968666348987517800139812607085
0.0007725726194034203886049083642717505427
-0.0045719130857384045890645651866179832723
-0.0101693804928963231481997553373730625026
-0.0153224557025774619362090689378419483546
-0.0192857835305322300456509765353985130787
-0.0213577036314143188511227577919271425344
-0.0209792395371998785513767415977781638503
-0.0178282202775725817645025017554871737957
-0.0118955670489941916362353069303026131820
-0.0035314227226416841122491607762867715792
0.0065487499606061714066407297707428369904
0.0173040155353335368959566409330363967456
0.0274545099439324168100196033037718734704
0.0356095646349791003504314801375585375354
0.0404266725077434690982514098323008511215
0.0407851994791528851824757850863534258679
0.0359557577341283532423865665350604103878
0.0257441963528203220101797654706388129853
0.0105905027972599159735711538132818532176
-0.0083937601804764862961638627325555717107
-0.0294600851253274780006119470954217831604
-0.0503328400157852587359919027676369296387
-0.0683888933421105404963924456751556135714
-0.0808932356441043748374042365867353510112
-0.0852694188908236783142058357043424621224
-0.0793781275290502547070659034034179057926
-0.0617744639867572678526563834111584583297
-0.0319147975152402965659526046238170238212
0.0097114979700566022441377000973261601757
0.0615444081517082658416839535675535444170
0.1210183229456309739191510743694379925728
0.1847286048089792909188133762654615566134
0.2486872191931233377903964765209821052849
0.3086451935677071434227514146186877042055
0.3604518956756163627908051694248570129275
0.4004164253568545106531928468029946088791
0.4256354085983713453344989829929545521736
0.4342542526819009318650444129161769524217
0.4256354085983713453344989829929545521736
0.4004164253568545106531928468029946088791
0.3604518956756163627908051694248570129275
0.3086451935677071434227514146186877042055
0.2486872191931233377903964765209821052849
0.1847286048089792909188133762654615566134
0.1210183229456309739191510743694379925728
0.0615444081517082658416839535675535444170
0.0097114979700566022441377000973261601757
-0.0319147975152402965659526046238170238212
-0.0617744639867572678526563834111584583297
-0.0793781275290502547070659034034179057926
-0.0852694188908236783142058357043424621224
-0.0808932356441043748374042365867353510112
-0.0683888933421105404963924456751556135714
-0.0503328400157852587359919027676369296387
-0.0294600851253274780006119470954217831604
-0.0083937601804764862961638627325555717107
0.0105905027972599159735711538132818532176
0.0257441963528203220101797654706388129853
0.0359557577341283532423865665350604103878
0.0407851994791528851824757850863534258679
0.0404266725077434690982514098323008511215
0.0356095646349791003504314801375585375354
0.0274545099439324168100196033037718734704
0.0173040155353335368959566409330363967456
0.0065487499606061714066407297707428369904
-0.0035314227226416841122491607762867715792
-0.0118955670489941916362353069303026131820
-0.0178282202775725817645025017554871737957
-0.0209792395371998785513767415977781638503
-0.0213577036314143188511227577919271425344
-0.0192857835305322300456509765353985130787
-0.0153224557025774619362090689378419483546
-0.0101693804928963231481997553373730625026
-0.0045719130857384045890645651866179832723
0.0007725726194034203886049083642717505427
0.0052892381968666348987517800139812607085
0.0085764760266058247262233038554768427275
0.0104297262781246121571276930239946523216
0.0108389176953670694769638060961369774304
0.0099632060290328530033354681449964118656
0.0080889320534262808271019906669607735239
0.0055780575818434145751734121176923508756
0.0028145778687780529346562641279660965665
0.0001557078856055246426654675717671238999
-0.0021067710782202730447620897535898620845
-0.0037721316745847627976973015506700903643
-0.0047406700521196503891885321024801669409
-0.0050110706986409379176672374001100251917
-0.0046651229374815314857039005858041491592
-0.0038449162456072639992843420486678951420
-0.0027260538567543731586217958806628303137
-0.0014908574364304711355744270662171402364
-0.0003049066080832048535736999994583129592
0.0007005767425323550018009810536057102581
0.0014391372717913895797753331962098855001
0.0018721233446504961361184227186527095910
0.0020051552450775968899909784681767632719
0.0018795735650113448364506574250754056266
0.0015607782212358582707434351277697714977
0.0011255710497352856749170291195127902029
0.0006502152266647201906552000494343701575
0.0002008045045847700550614017833694902038
-0.0001732738801177159768552443752653857700
-0.0004424152555663721946878352841991954847
-0.0005966538261248071749881516367963740777
-0.0006429219494859039285908353100751355669
-0.0006005775216853781982295767960522425710
-0.0004961598933921141166281110201907722512
-0.0003582172878741865409794875585447471167
-0.0002129836445199213780434671638985832942
-0.0000812721365519030217953316830303833740
0.0000231480587286411579100910834716486875
0.0000938151570463806425310970826814127577
0.0001307119649091205838657703264260590004
0.0001386710930448390192634700035512196337
0.0001254374552318322907831088519614581855
0.0000997956349661072974945724700646110250
0.0000700874502115684058388064836542241665
0.0000433875198404835558962412689343324246
0.0000256474061121930079019254344885325736
-0.0000266178200675330788906036705299129608
