-0.0000351430835514371706475647560985464679
0.0000000385653173230865431962699485524126
0.0000265858860700573605814669292390917121
0.0000775865427962152409691043430939316750
0.0001567725042093716110013640330222983721
0.0002641712235188881335683219742094252069
0.0003939314326935749056152191727164790791
0.0005327223037230380525003381464443918958
0.0006587228101144406312156265315138625738
0.0007421684138396202057297301735161454417
0.0007473293039148192276610593864916154416
0.0006364457333736545791014194151102856267
0.0003749608527291123935901162589345858578
-0.0000610669616502191193313509032236652274
-0.0006779246290896744466317191957216437004
-0.0014568852153171011655496958070443724864
-0.0023485990626117463422883879786695615621
-0.0032706651317814319779309073510376038030
-0.0041088590659413568376145953209288563812
-0.0047237386777328090048388986588179250248
-0.0049623435308219030620557887800714524928
-0.0046751948893877653956607787222310435027
-0.0037371057133667754876493738436238345457
-0.0020702253349532359107121326502465308295
0.0003333705445525235585776946400926590286
0.0033926591617625106306332938288505829405
0.0069254130517993686688704713105835253373
0.0106456073829379917194959404014298343100
0.0141732790645267298784704124159361526836
0.0170575731060515350945294699158694129437
0.0188134837609707054884022880969496327452
0.0189700633013235725465861492011754307896
0.0171270588353127847791590454562538070604
0.0130147691948576012255234246595136937685
0.0065512068979883576747003104401301243342
-0.0021102717708560586075405840489338515908
-0.0125494754772985210589109072998326155357
-0.0240698627566528558507918944542325334623
-0.0357150813942035613712810970810096478090
-0.0463137092129728006328903688881837297231
-0.0545510460933331525756884161637572105974
-0.0590645242130560799154181950143538415432
-0.0585558597793298385436600028697284869850
-0.0519111131181677204482483034553297329694
-0.0383179017827870102563814214136073132977
-0.0173684282333778396145707034747829311527
0.0108625694658994360886072882976804976352
0.0457742975186669898146618606915581040084
0.0862374281170936868301524214075470808893
0.1306357612193110862008893491292838007212
0.1769512176963912164495695833466015756130
0.2228869387163854021149944628632511012256
0.2660197626889346800282964977668598294258
0.3039699148390998528768136566213797777891
0.3345738983000546840074207466386724263430
0.3560457890527660707036261555913370102644
0.3671127377413356818181000562617555260658
0.3671127377413356818181000562617555260658
0.3560457890527660707036261555913370102644
0.3345738983000546840074207466386724263430
0.3039699148390998528768136566213797777891
0.2660197626889346800282964977668598294258
0.2228869387163854021149944628632511012256
0.1769512176963912164495695833466015756130
0.1306357612193110862008893491292838007212
0.0862374281170936868301524214075470808893
0.0457742975186669898146618606915581040084
0.0108625694658994360886072882976804976352
-0.0173684282333778396145707034747829311527
-0.0383179017827870102563814214136073132977
-0.0519111131181677204482483034553297329694
-0.0585558597793298385436600028697284869850
-0.0590645242130560799154181950143538415432
-0.0545510460933331525756884161637572105974
-0.0463137092129728006328903688881837297231
-0.0357150813942035613712810970810096478090
-0.0240698627566528558507918944542325334623
-0.0125494754772985210589109072998326155357
-0.0021102717708560586075405840489338515908
0.0065512068979883576747003104401301243342
0.0130147691948576012255234246595136937685
0.0171270588353127847791590454562538070604
0.0189700633013235725465861492011754307896
0.0188134837609707054884022880969496327452
0.0170575731060515350945294699158694129437
0.0141732790645267298784704124159361526836
0.0106456073829379917194959404014298343100
0.0069254130517993686688704713105835253373
0.0033926591617625106306332938288505829405
0.0003333705445525235585776946400926590286
-0.0020702253349532359107121326502465308295
-0.0037371057133667754876493738436238345457
-0.0046751948893877653956607787222310435027
-0.0049623435308219030620557887800714524928
-0.0047237386777328090048388986588179250248
-0.0041088590659413568376145953209288563812
-0.0032706651317814319779309073510376038030
-0.0023485990626117463422883879786695615621
-0.0014568852153171011655496958070443724864
-0.0006779246290896744466317191957216437004
-0.0000610669616502191193313509032236652274
0.0003749608527291123935901162589345858578
0.0006364457333736545791014194151102856267
0.0007473293039148192276610593864916154416
0.0007421684138396202057297301735161454417
0.0006587228101144406312156265315138625738
0.0005327223037230380525003381464443918958
0.0003939314326935749056152191727164790791
0.0002641712235188881335683219742094252069
0.0001567725042093716110013640330222983721
0.0000775865427962152409691043430939316750
0.0000265858860700573605814669292390917121
0.0000000385653173230865431962699485524126
-0.0000351430835514371706475647560985464679
