-3.15958231274801961980e-05
2.86972516832325772948e-05
3.16274890300466556513e-05
3.43403436936668017944e-05
3.03117829374902290885e-05
1.65650211204234048407e-05
-5.42224473789633568219e-06
-2.98210573569763407029e-05
-4.81418729333491120237e-05
-5.21382645010692619570e-05
-3.72387246508116312145e-05
-5.11923650514199132322e-06
3.55953882935926328940e-05
7.12969699607185318242e-05
8.75988007978763309714e-05
7.47135136263441077160e-05
3.19746741295406580611e-05
-3.02254260251377336718e-05
-9.24227094169245954594e-05
-1.31741874916106222913e-04
-1.29857825735214756123e-04
-8.05986233417417926228e-05
5.95393254646563685700e-06
1.04037261151941428207e-04
1.80068909964544766628e-04
2.03073923400608782842e-04
1.56663973397690495758e-04
4.72616745026888235011e-05
-9.49865617657661901038e-05
-2.23705760976369903790e-04
-2.90838072582445285579e-04
-2.63764546677126409530e-04
-1.39254666502348136434e-04
5.14240277000854107878e-05
2.49119823526604505879e-04
3.84424973499160967019e-04
4.01205196351959666751e-04
2.78434632531278695132e-04
4.20993575486215335221e-05
-2.38198677436729934053e-04
-4.68742632958914196527e-04
-5.62112367974594725160e-04
-4.69084812118075733522e-04
-2.00534990373481779562e-04
1.69280039041077342687e-04
5.21983468445960684980e-04
7.31699347382225675530e-04
7.08869776695772251494e-04
4.35854740720616250314e-04
-1.89663807432430564514e-05
-5.15997469865953572142e-04
-8.85900945694127837232e-04
-9.86041483175784756396e-04
-7.53358583305243929146e-04
-2.34770830382679721688e-04
4.18057980793897431774e-04
9.91221127556568418551e-04
1.27725627035832475439e-03
1.14832402969986219037e-03
6.08742362965817239949e-04
-1.93720802458075664308e-04
-1.00559497307246619932e-03
-1.54608436097130176427e-03
-1.60232689706262887777e-03
-1.10987692023222905141e-03
-1.88851078240674679536e-04
8.80996739573223185127e-04
1.74296942308393206650e-03
2.08045904830492581206e-03
1.73042203994992521872e-03
7.53426624400870383405e-04
-5.67761516831151620555e-04
-1.80695432674171478638e-03
-2.52979486747086351056e-03
-2.44342246678730563858e-03
-1.50967266858064320251e-03
2.04046040132625593590e-05
1.66935024634787005510e-03
2.87954685789006733371e-03
3.19919703647275534969e-03
2.44672611104825975942e-03
7.95099671448923545937e-04
-1.25961593375661408400e-03
-3.04362593661598561379e-03
-3.92354627908105078188e-03
-3.52751767619045039984e-03
-1.89336471511589296210e-03
5.13111845994261312615e-04
2.92565674250150559513e-03
4.51827125188287385266e-03
4.68438763875009007293e-03
3.26146554105271940446e-03
6.19551790185685850171e-04
-2.42659049394548624601e-03
-4.86452613696446243413e-03
-5.81687708713253016912e-03
-4.85171545506052868946e-03
-2.16231166644099623286e-03
1.45464719478708803639e-03
4.82923507592676864303e-03
6.79243726997223393194e-03
6.57613721380273519301e-03
4.10353671707663469198e-03
6.30654948818894895389e-05
-4.27448826278401666778e-03
-7.45042131277407360807e-03
-8.30359997463546613272e-03
-6.38696352267629444827e-03
-2.16804177410211606700e-03
3.06950714356224972634e-03
7.60956633055021557099e-03
9.86021339089118188659e-03
8.90464792122001858043e-03
4.85801186830397968563e-03
-1.10445505519580090131e-03
-7.07876840527721373775e-03
-1.10334378484021299049e-02
-1.14929455639435351699e-02
-8.07588835139970949439e-03
-1.69503396761107316681e-03
5.67035071109750401369e-03
1.15797124001318571529e-02
1.39318458908064494312e-02
1.17009738430529086628e-02
5.35371473384499852594e-03
-3.21492257141314276281e-03
-1.12351172364802444348e-02
-1.59479574273914612159e-02
-1.55433049038683560039e-02
-9.83441603159530483569e-03
-4.23858281813709839459e-04
9.72761989588670321349e-03
1.72202213377015515838e-02
1.93411454993775988598e-02
1.50285159614874791467e-02
5.33626220352660229213e-03
-6.78901436704070024991e-03
-1.73868430180058944345e-02
-2.27611036304155925358e-02
-2.07500077810500484221e-02
-1.15574951574114494213e-02
2.16324591586539421301e-03
1.60500688080555120596e-02
2.53984885730337492382e-02
2.67329390768435495862e-02
1.90650379282661999736e-02
4.39341189141420011138e-03
-1.27732618561042440830e-02
-2.67734805639716598458e-02
-3.26309363737284433005e-02
-2.77857975420734010230e-02
-1.31285449438650475562e-02
7.05936323454887069972e-03
2.63132016317616998502e-02
3.80145383557445593059e-02
3.76180055053342635163e-02
2.43410631302073132698e-02
1.71079478778014392598e-03
-2.32992316903572818654e-02
-4.23571328773767533105e-02
-4.84788696179006411979e-02
-3.84944500665416189378e-02
-1.44316534267851515061e-02
1.67301127138465358102e-02
4.49852657807847250426e-02
6.04047325413492527946e-02
5.64849263141329605009e-02
3.26550579912538718741e-02
-4.95945852120167288840e-03
-4.49258024234438432809e-02
-7.37871759258083154132e-02
-8.03462031711748292384e-02
-5.96510917485159816720e-02
-1.53646731008727464862e-02
4.04102162844134984998e-02
9.00587519916970502543e-02
1.15503684266636985623e-01
1.04029532810300973100e-01
5.31738599352549884403e-02
-2.68936231461305470802e-02
-1.14471829168050487358e-01
-1.80933219633864716958e-01
-1.97840734347636687529e-01
-1.44789050996552204342e-01
-1.58514944598636305095e-02
1.77233836822441842562e-01
4.06215049157546970182e-01
6.31764970997809038877e-01
8.12000918463845478001e-01
9.12014479505055764008e-01
9.12014479505055764008e-01
8.12000918463845478001e-01
6.31764970997809038877e-01
4.06215049157546970182e-01
1.77233836822441842562e-01
-1.58514944598636305095e-02
-1.44789050996552204342e-01
-1.97840734347636687529e-01
-1.80933219633864716958e-01
-1.14471829168050487358e-01
-2.68936231461305470802e-02
5.31738599352549884403e-02
1.04029532810300973100e-01
1.15503684266636985623e-01
9.00587519916970502543e-02
4.04102162844134984998e-02
-1.53646731008727464862e-02
-5.96510917485159816720e-02
-8.03462031711748292384e-02
-7.37871759258083154132e-02
-4.49258024234438432809e-02
-4.95945852120167288840e-03
3.26550579912538718741e-02
5.64849263141329605009e-02
6.04047325413492527946e-02
4.49852657807847250426e-02
1.67301127138465358102e-02
-1.44316534267851515061e-02
-3.84944500665416189378e-02
-4.84788696179006411979e-02
-4.23571328773767533105e-02
-2.32992316903572818654e-02
1.71079478778014392598e-03
2.43410631302073132698e-02
3.76180055053342635163e-02
3.80145383557445593059e-02
2.63132016317616998502e-02
7.05936323454887069972e-03
-1.31285449438650475562e-02
-2.77857975420734010230e-02
-3.26309363737284433005e-02
-2.67734805639716598458e-02
-1.27732618561042440830e-02
4.39341189141420011138e-03
1.90650379282661999736e-02
2.67329390768435495862e-02
2.53984885730337492382e-02
1.60500688080555120596e-02
2.16324591586539421301e-03
-1.15574951574114494213e-02
-2.07500077810500484221e-02
-2.27611036304155925358e-02
-1.73868430180058944345e-02
-6.78901436704070024991e-03
5.33626220352660229213e-03
1.50285159614874791467e-02
1.93411454993775988598e-02
1.72202213377015515838e-02
9.72761989588670321349e-03
-4.23858281813709839459e-04
-9.83441603159530483569e-03
-1.55433049038683560039e-02
-1.59479574273914612159e-02
-1.12351172364802444348e-02
-3.21492257141314276281e-03
5.35371473384499852594e-03
1.17009738430529086628e-02
1.39318458908064494312e-02
1.15797124001318571529e-02
5.67035071109750401369e-03
-1.69503396761107316681e-03
-8.07588835139970949439e-03
-1.14929455639435351699e-02
-1.10334378484021299049e-02
-7.07876840527721373775e-03
-1.10445505519580090131e-03
4.85801186830397968563e-03
8.90464792122001858043e-03
9.86021339089118188659e-03
7.60956633055021557099e-03
3.06950714356224972634e-03
-2.16804177410211606700e-03
-6.38696352267629444827e-03
-8.30359997463546613272e-03
-7.45042131277407360807e-03
-4.27448826278401666778e-03
6.30654948818894895389e-05
4.10353671707663469198e-03
6.57613721380273519301e-03
6.79243726997223393194e-03
4.82923507592676864303e-03
1.45464719478708803639e-03
-2.16231166644099623286e-03
-4.85171545506052868946e-03
-5.81687708713253016912e-03
-4.86452613696446243413e-03
-2.42659049394548624601e-03
6.19551790185685850171e-04
3.26146554105271940446e-03
4.68438763875009007293e-03
4.51827125188287385266e-03
2.92565674250150559513e-03
5.13111845994261312615e-04
-1.89336471511589296210e-03
-3.52751767619045039984e-03
-3.92354627908105078188e-03
-3.04362593661598561379e-03
-1.25961593375661408400e-03
7.95099671448923545937e-04
2.44672611104825975942e-03
3.19919703647275534969e-03
2.87954685789006733371e-03
1.66935024634787005510e-03
2.04046040132625593590e-05
-1.50967266858064320251e-03
-2.44342246678730563858e-03
-2.52979486747086351056e-03
-1.80695432674171478638e-03
-5.67761516831151620555e-04
7.53426624400870383405e-04
1.73042203994992521872e-03
2.08045904830492581206e-03
1.74296942308393206650e-03
8.80996739573223185127e-04
-1.88851078240674679536e-04
-1.10987692023222905141e-03
-1.60232689706262887777e-03
-1.54608436097130176427e-03
-1.00559497307246619932e-03
-1.93720802458075664308e-04
6.08742362965817239949e-04
1.14832402969986219037e-03
1.27725627035832475439e-03
9.91221127556568418551e-04
4.18057980793897431774e-04
-2.34770830382679721688e-04
-7.53358583305243929146e-04
-9.86041483175784756396e-04
-8.85900945694127837232e-04
-5.15997469865953572142e-04
-1.89663807432430564514e-05
4.35854740720616250314e-04
7.08869776695772251494e-04
7.31699347382225675530e-04
5.21983468445960684980e-04
1.69280039041077342687e-04
-2.00534990373481779562e-04
-4.69084812118075733522e-04
-5.62112367974594725160e-04
-4.68742632958914196527e-04
-2.38198677436729934053e-04
4.20993575486215335221e-05
2.78434632531278695132e-04
4.01205196351959666751e-04
3.84424973499160967019e-04
2.49119823526604505879e-04
5.14240277000854107878e-05
-1.39254666502348136434e-04
-2.63764546677126409530e-04
-2.90838072582445285579e-04
-2.23705760976369903790e-04
-9.49865617657661901038e-05
4.72616745026888235011e-05
1.56663973397690495758e-04
2.03073923400608782842e-04
1.80068909964544766628e-04
1.04037261151941428207e-04
5.95393254646563685700e-06
-8.05986233417417926228e-05
-1.29857825735214756123e-04
-1.31741874916106222913e-04
-9.24227094169245954594e-05
-3.02254260251377336718e-05
3.19746741295406580611e-05
7.47135136263441077160e-05
8.75988007978763309714e-05
7.12969699607185318242e-05
3.55953882935926328940e-05
-5.11923650514199132322e-06
-3.72387246508116312145e-05
-5.21382645010692619570e-05
-4.81418729333491120237e-05
-2.98210573569763407029e-05
-5.42224473789633568219e-06
1.65650211204234048407e-05
3.03117829374902290885e-05
3.43403436936668017944e-05
3.16274890300466556513e-05
2.86972516832325772948e-05
-3.15958231274801961980e-05
